55
43
44
41
34
42
43
39
43
46
48
56
59
54
49
44
41
47
51
49
45
48
55
62
72
58
54
53
46
47
48
51
51
56
56
67
71
60
56
57
51
55
59
53
56
65
58
63
71
53
55
54
47
49
53
47
69
88
67
61
66
57
59
54
46
51
54
56
55
60
55
60
69
57
61
64
53
52
51
52
51
61
54
61
77
68
63
64
54
56
61
66
52
54
49
54
67
63
58
54
48
53
52
53
55
58
58
63
78
68
67
67
63
57
62
60
59
70
70
67
79
72
70
70
62
66
72
67
67
68
70
75
82
77
74
76
65
71
73
75
62
68
66
70
72
65
68
64
52
63
64
61
57
60
66
67
79
75
78
74
66
64
70
72
68
85
76
80
100
86
75
73
66
73
77
80
74
78
70
