20
18
18
18
20
21
24
22
19
20
21
27
21
19
19
19
20
22
24
25
20
20
25
31
22
21
20
20
21
23
26
26
21
22
28
35
26
25
24
24
25
28
29
30
26
26
35
43
32
29
31
30
32
36
39
37
38
45
62
83
57
58
61
58
64
66
68
69
62
64
78
97
68
66
66
66
67
70
67
66
58
60
76
86
80
73
72
90
100
98
96
88
81
82
93
100
78
69
69
61
62
69
68
69
61
57
71
78
58
55
58
55
56
60
62
64
55
60
75
81
58
59
60
59
60
63
70
73
61
62
74
82
59
56
57
53
54
60
65
67
53
55
65
73
56
52
54
54
55
58
58
55
51
55
61
69
49
48
48
49
48
50
55
54
47
49
57
66
43
43
45
43
44
46
47
47
41
41
47
