70
64
64
62
64
72
83
75
56
54
57
61
63
61
61
58
60
76
81
72
50
51
59
62
61
56
56
53
56
70
77
67
51
50
58
60
61
57
57
54
62
73
77
72
57
54
60
65
60
59
62
59
68
78
85
77
59
61
69
77
76
75
76
69
75
91
100
90
67
66
68
74
69
68
69
66
69
85
84
75
58
57
60
60
67
66
67
67
72
84
91
77
62
66
66
63
61
59
61
57
61
72
80
72
57
55
55
52
53
52
56
52
59
67
75
69
54
59
60
55
55
53
55
54
58
67
72
63
53
52
55
54
51
49
51
49
53
68
75
66
54
52
54
51
49
51
53
52
54
63
68
58
51
51
52
51
50
49
52
52
56
61
66
57
49
52
52
49
49
52
54
50
53
60
66
58
48
50
57
