10452.740234
10487.780273
10582.250000
10357.519531
10227.269531
10187.179688
10434.000000
10138.450195
10170.120117
10082.040039
10028.730469
10425.799805
10783.750000
10489.719727
10769.040039
10504.570313
10192.000000
10462.860352
10273.589844
10641.780273
10481.440430
10569.500000
10440.070313
10806.030273
10718.299805
10862.139648
10993.250000
11113.000000
11367.780273
11169.030273
11149.339844
11184.799805
11382.750000
11678.990234
12080.250000
12220.969727
12459.540039
12617.200195
12268.629883
12354.519531
13062.750000
13628.690430
13409.599609
13211.089844
13358.389648
13895.709961
13924.160156
13368.219727
13261.820313
12638.169922
12264.360352
12266.639648
12818.339844
12637.669922
11344.639648
11379.889648
11545.629883
10847.400391
9326.040039
8826.889648
8772.250000
8000.620117
7056.479980
7606.129883
8167.410156
8501.530273
8447.530273
9173.650391
9492.320313
9711.599609
9712.129883
10343.820313
10430.690430
10068.990234
10326.099609
10857.309570
11009.599609
10133.940430
9773.269531
10468.820313
10016.009766
10789.719727
11120.299805
11007.230469
11577.429688
11892.500000
12226.490234
12321.019531
12810.160156
12569.410156
12414.339844
12144.219727
11613.299805
10912.099609
11951.530273
12046.209961
12221.190430
12632.759766
12952.290039
13211.360352
13214.160156
12391.559570
12879.709961
13007.469727
13092.150391
13437.660156
13099.190430
13027.730469
13104.299805
13860.580078
14054.490234
14578.540039
14839.799805
15123.549805
14911.599609
15503.849609
14801.549805
15132.490234
15558.009766
16087.120117
16572.169922
15697.690430
16321.709961
16458.050781
16580.259766
16716.849609
16828.529297
16561.699219
17097.419922
17040.460938
17390.900391
17827.269531
17823.070313
17169.990234
18134.050781
17778.519531
17859.269531
18017.820313
17638.119141
17696.740234
16528.029297
16278.620117
17672.619141
17719.720703
17405.480469
16453.630859
16545.669922
17661.740234
17783.779297
17754.550781
17924.240234
18434.500000
18396.570313
18279.599609
18158.240234
19149.199219
19872.859375
19923.810547
20957.289063
20665.169922
20962.730469
21030.550781
21392.300781
21961.419922
21981.769531
22423.470703
23442.900391
24305.400391
24809.349609
26083.039063
25024.039063
24076.599609
24117.289063
24542.089844
24161.529297
25461.630859
25916.070313
26598.359375
25142.080078
