78
87
85
97
94
82
68
61
76
81
85
84
76
80
84
93
78
67
59
64
78
91
87
78
72
74
78
90
82
76
59
58
66
70
77
71
68
76
68
77
76
64
58
55
71
77
82
75
82
89
94
100
90
88
82
69
82
94
82
74
69
85
87
81
72
68
58
56
63
72
71
68
65
73
73
74
66
53
49
47
57
66
82
64
69
81
76
90
73
61
56
61
63
68
69
59
58
68
67
68
65
52
48
47
65
66
65
60
61
72
65
73
64
51
50
47
61
69
70
66
62
72
74
76
75
60
56
54
70
74
71
70
75
74
76
82
76
58
59
58
73
78
77
78
63
76
72
81
70
52
50
49
62
68
74
70
66
75
77
78
72
55
52
49
62
72
75
73
66
91
77
81
74
58
58
62
71
79
76
