100
75
82
76
68
67
73
68
67
64
73
79
89
79
83
72
69
74
75
72
62
65
67
69
80
80
77
79
73
62
66
62
56
63
62
63
72
70
63
63
62
61
66
57
60
62
59
56
69
59
63
61
54
55
54
43
52
57
47
42
42
44
46
38
35
36
36
36
38
41
39
37
41
39
40
42
39
36
31
32
33
36
36
36
45
43
40
42
35
35
35
36
34
33
32
30
36
37
34
33
34
31
29
30
33
32
30
30
34
35
36
36
34
30
32
32
36
38
39
36
43
41
40
40
36
36
37
35
39
39
38
42
45
44
45
46
42
41
44
44
40
41
42
42
47
46
44
46
43
40
39
38
38
41
44
45
52
53
53
52
51
48
48
47
48
53
57
67
67
59
52
54
52
49
51
54
53
52
45
