69
63
71
70
70
79
83
82
70
64
60
60
71
67
68
72
72
100
85
83
66
61
59
58
69
63
69
71
74
94
87
84
65
65
63
62
75
71
73
78
78
86
95
98
75
68
67
66
81
70
72
75
72
75
84
80
75
68
60
67
77
70
75
73
70
77
84
84
68
62
62
61
67
59
64
63
61
66
66
68
57
53
54
52
68
59
57
61
62
67
73
76
67
70
61
58
67
60
60
63
63
69
72
71
62
59
57
55
64
56
55
60
63
65
72
72
58
58
54
55
61
53
62
58
57
65
66
64
56
53
52
53
56
50
54
57
58
65
73
71
58
54
54
55
61
56
55
60
62
68
66
68
60
57
57
58
61
57
55
59
62
68
71
68
62
61
57
57
59
56
54
56
59
63
67
66
54
55
51
