70
69
70
74
75
75
78
75
70
71
64
69
70
69
71
72
67
74
77
75
70
69
64
66
68
65
65
69
74
70
76
74
69
67
63
65
64
65
66
67
70
72
73
72
76
73
65
63
65
62
68
68
67
67
68
68
65
60
59
62
68
67
65
68
68
68
74
75
69
74
65
65
67
67
69
71
74
71
72
73
71
69
63
63
65
69
67
67
69
68
74
74
76
71
67
70
67
70
71
71
72
71
72
73
72
66
64
68
72
83
75
72
76
76
77
81
89
87
80
74
74
75
78
81
78
80
81
84
86
78
76
77
79
81
80
81
83
88
86
87
88
82
81
79
85
86
85
88
91
88
91
94
87
88
82
86
85
86
87
92
91
90
96
100
98
92
86
90
91
85
89
88
93
90
93
95
89
84
84
