85
81
97
88
82
84
82
79
73
67
65
62
77
80
83
81
78
90
85
86
71
69
63
58
74
73
77
74
72
75
74
75
67
66
60
59
78
75
81
77
71
75
80
86
69
63
57
56
93
83
83
70
61
62
62
53
66
60
52
93
100
89
98
84
69
73
67
61
57
54
48
48
57
56
55
55
50
54
55
59
49
52
47
41
52
50
49
46
44
49
45
57
53
54
45
42
55
55
54
49
50
53
54
49
49
46
42
39
53
50
48
50
48
52
50
44
42
40
36
33
42
41
41
41
41
41
40
39
36
39
32
32
45
46
45
45
42
46
45
44
39
38
35
34
39
43
41
43
40
42
43
41
37
35
36
33
42
41
42
41
39
40
41
40
38
38
34
35
42
45
43
44
40
41
39
38
35
35
31
