88
85
91
90
88
94
99
94
81
74
71
68
89
89
92
93
93
98
100
98
81
76
70
63
82
81
84
83
82
84
90
83
71
69
62
59
79
78
77
77
73
78
81
75
64
61
52
50
66
62
64
62
59
60
62
55
53
46
43
42
53
54
54
52
51
54
57
55
48
46
42
39
50
46
49
48
46
46
43
41
36
33
31
29
42
41
41
41
40
41
41
38
35
33
29
29
36
36
37
36
35
36
36
34
31
28
26
25
33
33
34
34
33
34
35
33
30
28
26
24
31
30
32
32
32
33
33
31
29
26
24
23
29
28
30
30
29
31
32
31
27
25
23
22
27
30
30
30
29
30
30
29
26
24
23
22
27
28
28
28
28
29
31
29
26
25
23
23
27
27
28
29
28
29
30
29
25
24
21
