29
29
28
28
24
20
18
17
19
25
27
28
26
26
26
25
21
19
18
17
19
21
25
22
26
26
25
24
24
20
18
15
19
24
22
20
23
31
32
24
21
19
23
29
23
28
31
24
39
28
32
25
21
20
22
16
62
100
51
34
30
35
46
33
25
21
20
20
22
25
24
21
22
23
23
24
32
20
17
16
18
22
23
21
24
26
25
23
19
17
18
55
26
27
25
22
21
24
22
20
20
17
14
14
17
21
28
19
20
22
23
21
21
19
17
17
24
31
25
22
26
28
25
26
19
16
19
18
21
33
25
29
28
27
26
26
21
22
36
64
42
30
27
27
54
39
31
28
24
36
24
20
24
23
59
29
31
32
34
28
27
25
23
28
24
30
32
35
43
91
49
44
31
32
31
33
31
61
47
