47
37
39
42
46
51
58
62
41
36
38
38
49
37
40
44
47
90
65
64
41
35
37
37
53
41
43
47
52
86
72
69
43
40
39
43
60
56
46
54
55
69
92
100
62
53
54
56
76
56
57
67
63
71
94
90
66
59
51
56
69
56
58
62
58
68
87
89
56
51
48
51
68
56
62
60
54
63
67
67
53
49
49
48
72
60
54
56
56
60
73
85
61
72
60
53
72
63
55
61
57
65
70
74
52
47
44
43
64
56
51
52
52
57
72
73
49
48
41
42
61
58
49
51
50
59
65
64
48
44
42
41
57
53
52
50
46
52
69
64
44
40
44
46
54
48
40
43
46
45
47
52
37
39
37
35
46
42
41
42
43
41
51
51
38
41
37
39
49
49
46
42
41
44
53
54
38
36
33
