27
24
23
23
21
21
23
21
21
21
20
19
24
20
20
21
19
20
21
18
20
20
19
19
23
20
19
20
19
20
21
19
18
20
20
21
26
22
21
22
20
20
22
21
21
23
23
24
30
25
25
26
24
30
33
30
36
41
51
60
74
73
73
67
63
67
71
68
66
72
77
72
80
72
75
72
65
82
100
64
56
55
59
75
80
64
57
58
57
58
61
60
57
60
56
60
72
60
54
55
52
52
59
49
53
54
54
57
63
49
44
46
42
43
47
41
44
47
41
52
69
55
52
52
45
38
36
30
29
29
30
32
37
33
30
28
27
28
29
28
26
26
28
28
35
32
27
26
25
26
25
24
22
24
24
26
35
28
25
24
23
23
24
22
22
23
23
26
34
27
22
23
22
22
24
21
20
22
22
