31
42
54
35
53
55
28
51
29
25
56
55
44
46
25
57
25
49
26
39
36
15
19
24
31
33
24
46
36
25
22
36
42
37
33
46
24
39
48
53
38
55
52
23
43
51
100
64
59
53
97
84
76
62
45
49
82
88
62
40
61
57
62
60
44
52
36
41
53
79
77
57
60
59
39
58
63
40
38
31
40
42
57
55
59
69
71
79
67
51
67
86
70
63
55
46
59
58
55
55
44
47
46
43
61
60
49
47
62
48
52
54
47
44
50
45
49
63
42
47
44
47
46
49
47
47
38
47
42
49
36
49
59
48
55
52
44
50
51
44
42
48
44
49
48
55
50
54
42
58
38
30
38
38
68
46
49
49
48
49
44
34
39
33
42
38
49
46
55
50
40
42
40
39
38
42
35
46
41
