73
88
89
92
77
70
70
66
79
85
85
72
70
71
71
78
67
59
54
54
75
74
75
61
63
66
68
69
66
53
54
51
64
63
66
54
55
62
59
63
57
50
50
51
56
66
64
54
57
59
60
67
54
53
52
49
64
71
71
56
58
70
65
65
57
56
56
57
62
65
66
58
60
59
67
65
57
53
53
52
57
61
61
52
62
61
63
65
60
72
67
75
72
69
69
66
71
71
68
69
62
65
66
83
86
81
100
62
74
70
67
78
65
55
61
63
69
84
69
60
66
66
69
67
59
54
57
56
67
64
69
61
61
61
62
70
61
59
64
64
70
66
67
62
64
77
72
69
61
56
54
57
64
63
77
58
71
77
66
58
57
56
54
55
57
60
58
56
66
62
56
61
54
52
51
53
54
60
55
